acc = 0.5407098121085595
eval_loss = 2.6057944601774214
mse = 11569.040083507307
